3,2
3,1
3,3
10,16
10,202
10,148
10,274
10,12
10,162
10,260
10,114
9,6
9,4
9,2
9,3
8,5
8,18
8,10
8,16
8,2
8,3
2,2
2,1
2,3
87,2
87,0
84,3
84,2
84,1
83,3
83,2
83,1
82,3
82,1
20,3
20,2
20,1
19,3
19,2
19,1
18,3
18,1
17,3
17,2
17,1
16,3
16,2
16,1
15,3
15,2
15,1
14,2
13,2
12,3
12,2
12,1
11,30
11,29
11,28
11,27
11,26
11,25
11,24
11,23
11,22
11,21
11,20
11,19
11,17
11,16
11,15
11,14
11,13
11,11
11,10
11,9
11,8
11,7
11,6
11,5
11,4
11,3
11,2
11,1
10,305
10,303
10,301
10,299
10,297
10,290
10,283
10,281
10,276
10,275
10,249
10,173
10,149
